Chave   9           8        7       9         8         7        9        8          7       9        8         7       9         8        7        9       8          7       9         8        7        9         8       7
AscII 00001001  00001000 00001000 00001001 00001000  00001000  00001001 00001000  00001000 00001001 00001000 00001000  00001001 00001000 00001000 00001001 00001000  00001000 00001001 00001000 00001000 00001001 00001000 00001000
Txt    E            s        t       e                   t       e         x          t       o                 d        e         v       e                 s          e       r                  c        r         i       p
AscII  69          115      116     101      32        116      101       120        116     111      32       100      101       118     101       32      115        101     114       32       99       114       105     112
Bi    01000101  01110011 01100100 01100101 00100000  01100100  01100101 01111000  01100100 01101111 00100000 01100100  01100101 0111010 01100101 00100000  01110011  01100101 01110010 00100000 01100011 01110010 01101001 01110000
Xor   01001100  01111011 01101100 01101101 00101000  01101100  01101101 01110000  01101100 01100110 00101000           01101101         01101101 00101000            01101101
cript   L          {        l       m         (          l        m        p          l                (                 m                 m        (                    m  
 
Chave   9           8         7        9         8        7      9          8         7
AscII 00001001  00001000  00001000  00001001 00001000 00001000 00001001 00001000  00001000
Txt     t           o         g       r          a        f      a          d         o
AScII  116         111       103     114        97      102     97        100       111
Bi    01100100  01101111  01100111  01110010 01100001 01100110 01100001 01100100  01101111
      01101100     
        l




