1024032(16) -> (8)  exercicio 7

     0  001 000 000      100 100 000         000 110 010                                                     
     1  421 421 421      421 421 421         421 421 421
     0  001 000 000      400 400 000         000 420 020
     0  1   0     0      4    4    0          0    6    2

exercicio 9 F32,CDE(16)-> (2)

     1111 0011 0010 1100 1101 1110

exercicio 10   775,4456(8)->(16)

                      0001 1111 1101 1001 0010 1110
                        1   F    D     9     2      E        
Exercicio 11 
11. 101010011000111000011101 AND 1011111011100111000100101

0101010011000111000011101
1011111011100111000100101
0011010011000111000000101

12. 0x10D0A5 OR 62034706(8)
     10D0A5  or 62034706
     
  000100001101000010100101  
  110010000011100111000110
  
  1101 1000 1111 1001 1110 0111
0X  D    8    F   9    E    7


13. 11110111110111001110110 XOR 610267(8)

11110111110111001110110
00000110001000010110111 
011 110 001 111 111 011 000 001 
 3   6    1  7   7   3    0    1


14.. NOT 1326D5F
 0001 0011 0010 0110 1101 0101 1111
 1110 1100 1101 1001 0010 1010 0000
 E     C     D    9      2      A    0 h

15. 23435 >> 11717

                      
          

    







                                                          
                                                      